0.000000
-5.150471
-8.652020
-11.006312
-12.569886
-13.594613
-14.256801
-14.678451
-14.942866
-15.106094
-15.205253
-15.264514
-15.299350
-15.319489
-15.330938
-15.337338
-15.340857
-15.342759
-15.343770
-15.344299
-15.344571
-15.344708
-15.344777
-15.344811
-15.344827
-15.344834
-15.344838
-15.344840
-15.344840
-15.344841
-15.344841
-15.344841
-15.344841
-15.344841
-15.344841
-15.344841
-15.344841
-15.344841
-15.344841
-15.344841
-15.344841
-15.344841
-15.344841
-15.344841
-15.344841
-15.344841
-15.344841
-15.344841
-15.344841
-15.344841
-15.344841
-15.344841
-15.344841
-15.344841
-15.344841
-15.344841
-15.344841
-15.344841
-15.344841
-15.344841
-15.344841
-15.344840
-15.344840
-15.344838
-15.344834
-15.344827
-15.344811
-15.344779
-15.344713
-15.344582
-15.344324
-15.343828
-15.342886
-15.341131
-15.337916
-15.332128
-15.321891
-15.304102
-15.273741
-15.222844
-15.139043
-15.003533
-14.788314
-14.452581
-13.938114
-13.163600
-12.017871
-10.352125
-7.971373
-4.625431
0.000000
0.000000
-13.988136
-24.597360
-32.611239
-38.634408
-43.135385
-46.477545
-48.942295
-50.746829
-52.057981
-53.003143
-53.678936
-54.158092
-54.494921
-54.729636
-54.891742
-55.002692
-55.077938
-55.128498
-55.162156
-55.184351
-55.198849
-55.208230
-55.214241
-55.218057
-55.220456
-55.221949
-55.222870
-55.223432
-55.223772
-55.223976
-55.224097
-55.224168
-55.224209
-55.224233
-55.224246
-55.224254
-55.224258
-55.224261
-55.224262
-55.224263
-55.224263
-55.224263
-55.224264
-55.224264
-55.224264
-55.224263
-55.224263
-55.224263
-55.224262
-55.224261
-55.224259
-55.224256
-55.224250
-55.224238
-55.224219
-55.224185
-55.224127
-55.224029
-55.223863
-55.223587
-55.223130
-55.222384
-55.221177
-55.219242
-55.216174
-55.211354
-55.203862
-55.192331
-55.174764
-55.148270
-55.108717
-55.050264
-54.964751
-54.840914
-54.663384
-54.411438
-54.057471
-53.565148
-52.887223
-51.963012
-50.715533
-49.048354
-46.842221
-43.951578
-40.201145
-35.382772
-29.252853
-21.530634
-11.897825
0.000000
0.000000
-21.603861
-38.986867
-52.937450
-64.095680
-72.985214
-80.036162
-85.602199
-89.973902
-93.389438
-96.043347
-98.093845
-99.668977
-100.871808
-101.784813
-102.473595
-102.990001
-103.374740
-103.659564
-103.869069
-104.022175
-104.133334
-104.213508
-104.270951
-104.311834
-104.340735
-104.361030
-104.375184
-104.384988
-104.391734
-104.396343
-104.399470
-104.401578
-104.402989
-104.403927
-104.404546
-104.404952
-104.405216
-104.405386
-104.405495
-104.405564
-104.405607
-104.405632
-104.405645
-104.405648
-104.405642
-104.405626
-104.405597
-104.405549
-104.405472
-104.405351
-104.405163
-104.404873
-104.404430
-104.403759
-104.402748
-104.401236
-104.398991
-104.395681
-104.390838
-104.383800
-104.373646
-104.359100
-104.338414
-104.309204
-104.268257
-104.211267
-104.132518
-104.024486
-103.877350
-103.678397
-103.411319
-103.055376
-102.584427
-101.965822
-101.159157
-100.114904
-98.772937
-97.060995
-94.893129
-92.168216
-88.768626
-84.559182
-79.386554
-73.079275
-65.448602
-56.290461
-45.388758
-32.520364
-17.462090
0.000000
0.000000
-24.522923
-45.262872
-62.742607
-77.416687
-89.683081
-99.890977
-108.346487
-115.317209
-121.036113
-125.705038
-129.497908
-132.563737
-135.029450
-137.002502
-138.573317
-139.817522
-140.797982
-141.566633
-142.166124
-142.631261
-142.990280
-143.265946
-143.476503
-143.636487
-143.757404
-143.848311
-143.916295
-143.966866
-144.004284
-144.031823
-144.051981
-144.066658
-144.077285
-144.084939
-144.090419
-144.094320
-144.097079
-144.099013
-144.100354
-144.101268
-144.101868
-144.102232
-144.102410
-144.102424
-144.102277
-144.101950
-144.101402
-144.100564
-144.099331
-144.097555
-144.095030
-144.091469
-144.086482
-144.079542
-144.069940
-144.056734
-144.038671
-144.014107
-143.980888
-143.936219
-143.876493
-143.797090
-143.692123
-143.554157
-143.373851
-143.139566
-142.836896
-142.448143
-141.951728
-141.321544
-140.526256
-139.528563
-138.284440
-136.742396
-134.842770
-132.517126
-129.687811
-126.267734
-122.160471
-117.260800
-111.455779
-104.626509
-96.650733
-87.406428
-76.776575
-64.655257
-50.955277
-35.617447
-18.621682
0.000000
