-5.150471
-8.652020
-11.006312
-12.569886
-13.594613
-14.256801
-14.678451
-14.942866
-15.106094
-15.205253
-15.264514
-15.299350
-15.319489
-15.330938
-15.337338
-15.340857
-15.342759
-15.343770
-15.344299
-15.344571
-15.344708
-15.344777
-15.344811
-15.344827
-15.344834
-15.344838
-15.344840
-15.344840
-15.344841
-15.344841
-15.344841
-15.344841
-15.344841
-15.344841
-15.344841
-15.344841
-15.344841
-15.344841
-15.344841
-15.344841
-15.344841
-15.344841
-15.344841
-15.344841
-15.344841
-15.344841
-15.344841
-15.344841
-15.344841
-15.344841
-15.344841
-15.344841
-15.344841
-15.344841
-15.344841
-15.344841
-15.344841
-15.344841
-15.344841
-15.344841
-15.344840
-15.344840
-15.344838
-15.344834
-15.344827
-15.344811
-15.344779
-15.344713
-15.344582
-15.344324
-15.343828
-15.342886
-15.341131
-15.337916
-15.332128
-15.321891
-15.304102
-15.273741
-15.222844
-15.139043
-15.003533
-14.788314
-14.452581
-13.938114
-13.163600
-12.017871
-10.352125
-7.971373
-4.625431
